9304042600AD09300    18100504000314191005100004202010051700039421100524000336221005310003762310060700040224100614000376251006210003362610062800012827100705000330291007190004003010072600037231100802000000
9304042600AD11400    18100504000318191005100003722010051700038821100524000436221005310003942310060700037824100614000392251006210004342610062800017427100705000352291007190003083010072600030231100802000000
9304042600AD13300    18100504000402191005100004942010051700049621100524000504221005310005042310060700049224100614000508251006210004982610062800017427100705000444291007190004363010072600041831100802000000
9304042600AD15300    18100504000620191005100007782010051700078621100524000772221005310008042310060700079424100614000796251006210007862610062800046227100705000886291007190008943010072600087831100802000000
9304042600AD17300    18100504000082191005100001122010051700011221100524000098221005310000922310060700011024100614000104251006210000962610062800000027100705000000291007190000003010072600000031100802000000
930404260004B4000    18100504000000191005100000002010051700000021100524000000221005310000002310060700000024100614000000251006210000002610062800000027100705000000291007190000043010072600000631100802000000
930404260004B5300    18100504000000191005100000002010051700000021100524000000221005310000002310060700000024100614000000251006210000002610062800001227100705000022291007190000023010072600004031100802000000
930404260004B9000    18100504000316191005100003962010051700039121100524000386221005310003852310060700039024100614000384251006210003852610062800015727100705000352291007190003573010072600036031100802000000
930404260004C0000    18100504000201191005100002472010051700024821100524000252221005310002522310060700024624100614000254251006210002492610062800008727100705000222291007190002183010072600020931100802000000
930404260004C1000    18100504000310191005100003892010051700039321100524000386221005310004022310060700039724100614000398251006210003932610062800023127100705000443291007190004473010072600043931100802000000
930404260004C2000    18100504000351191005100004452010051700044921100524000435221005310004482310060700045224100614000450251006210004412610062800084027100705000514291007190005143010072600050531100802000000
930404260004C4000    18100504000000191005100000002010051700000021100524000000221005310000002310060700000024100614000000251006210000002610062800121827100705000142291007190001343010072600013231100802000000
93040426700406000    18100504000314191005100004202010051700039421100524000336221005310003762310060700040224100614000376251006210003362610062800012827100705000330291007190004003010072600037231100802000000
93040426700407000    18100504000318191005100003722010051700038821100524000436221005310003942310060700037824100614000392251006210004342610062800017427100705000352291007190003083010072600030231100802000000
93040426700408000    18100504000402191005100004942010051700049621100524000504221005310005042310060700049224100614000508251006210004982610062800017427100705000444291007190004363010072600041831100802000000
93040426700409000    18100504000620191005100007782010051700078621100524000772221005310008042310060700079424100614000796251006210007862610062800046227100705000886291007190008943010072600087831100802000000
93040426700410000    18100504000082191005100001122010051700011221100524000098221005310000922310060700011024100614000104251006210000962610062800000027100705000000291007190000003010072600000031100802000000
93040426700411000    18100504000000191005100000002010051700000021100524000000221005310000002310060700000024100614000000251006210000002610062800001227100705000022291007190000023010072600004031100802000000
93040426700413000    18100504000000191005100000002010051700000021100524000000221005310000002310060700000024100614000000251006210000002610062800000027100705000000291007190000043010072600000631100802000000
93040426700414000    18100504000000191005100000002010051700000021100524000000221005310000002310060700000024100614000000251006210000002610062800121827100705000142291007190001343010072600013231100802000000
