9304042600AD09300    19100510000420201005170003942110052400033622100531000376231006070004022410061400037625100621000336261006280001102710070500034429100719000356301007260003903110080200026032100809000000
9304042600AD11400    19100510000372201005170003882110052400043622100531000394231006070003782410061400039225100621000434261006280001922710070500033829100719000330301007260003043110080200039632100809000000
9304042600AD13300    19100510000494201005170004962110052400050422100531000504231006070004922410061400050825100621000498261006280001882710070500043829100719000446301007260004123110080200048432100809000000
9304042600AD15300    19100510000778201005170007862110052400077222100531000804231006070007942410061400079625100621000786261006280004422710070500088429100719000866301007260009143110080200096232100809000000
9304042600AD17300    19100510000112201005170001122110052400009822100531000092231006070001102410061400010425100621000096261006280000002710070500000029100719000000301007260000003110080200000032100809000000
930404260004B4000    19100510000000201005170000002110052400000022100531000000231006070000002410061400000025100621000000261006280000002710070500000029100719000006301007260000043110080200000032100809000000
930404260004B5300    19100510000000201005170000002110052400000022100531000000231006070000002410061400000025100621000000261006280000182710070500001629100719000038301007260000083110080200000032100809000000
930404260004B9000    19100510000396201005170003912110052400038622100531000385231006070003902410061400038425100621000385261006280001602710070500034929100719000365301007260003533110080200032832100809000000
930404260004C0000    19100510000247201005170002482110052400025222100531000252231006070002462410061400025425100621000249261006280000942710070500021929100719000223301007260002063110080200024232100809000000
930404260004C1000    19100510000389201005170003932110052400038622100531000402231006070003972410061400039825100621000393261006280002212710070500044229100719000433301007260004573110080200048132100809000000
930404260004C2000    19100510000445201005170004492110052400043522100531000448231006070004522410061400045025100621000441261006280008302710070500052029100719000501301007260005153110080200051832100809000000
930404260004C4000    19100510000000201005170000002110052400000022100531000000231006070000002410061400000025100621000000261006280012182710070500015629100719000136301007260001163110080200007432100809000000
93040426700406000    19100510000420201005170003942110052400033622100531000376231006070004022410061400037625100621000336261006280001102710070500034429100719000356301007260003903110080200026032100809000000
93040426700407000    19100510000372201005170003882110052400043622100531000394231006070003782410061400039225100621000434261006280001922710070500033829100719000330301007260003043110080200039632100809000000
93040426700408000    19100510000494201005170004962110052400050422100531000504231006070004922410061400050825100621000498261006280001882710070500043829100719000446301007260004123110080200048432100809000000
93040426700409000    19100510000778201005170007862110052400077222100531000804231006070007942410061400079625100621000786261006280004422710070500088429100719000866301007260009143110080200096232100809000000
93040426700410000    19100510000112201005170001122110052400009822100531000092231006070001102410061400010425100621000096261006280000002710070500000029100719000000301007260000003110080200000032100809000000
93040426700411000    19100510000000201005170000002110052400000022100531000000231006070000002410061400000025100621000000261006280000182710070500001629100719000038301007260000083110080200000032100809000000
93040426700413000    19100510000000201005170000002110052400000022100531000000231006070000002410061400000025100621000000261006280000002710070500000029100719000006301007260000043110080200000032100809000000
93040426700414000    19100510000000201005170000002110052400000022100531000000231006070000002410061400000025100621000000261006280012182710070500015629100719000136301007260001163110080200007432100809000000
