9304042600AD09300    21100524000336221005310003762310060700040224100614000376251006210003362610062800011027100705000344291007190003563010072600039031100802000260321008090003203310081600027034100823000000
9304042600AD11400    21100524000436221005310003942310060700037824100614000392251006210004342610062800019227100705000338291007190003303010072600030431100802000396321008090003543310081600039234100823000000
9304042600AD13300    21100524000504221005310005042310060700049224100614000508251006210004982610062800018627100705000438291007190004463010072600041231100802000484321008090004983310081600051234100823000000
9304042600AD15300    21100524000772221005310008042310060700079424100614000796251006210007862610062800044427100705000884291007190008663010072600091431100802000962321008090009243310081600090034100823000000
9304042600AD17300    21100524000098221005310000922310060700011024100614000104251006210000962610062800000027100705000000291007190000003010072600000031100802000000321008090000003310081600000034100823000000
930404260004B4000    21100524000000221005310000002310060700000024100614000000251006210000002610062800000027100705000000291007190000063010072600000431100802000000321008090000003310081600000234100823000000
930404260004B5300    21100524000000221005310000002310060700000024100614000000251006210000002610062800001827100705000016291007190000383010072600000831100802000000321008090000003310081600000034100823000000
930404260004B9000    21100524000386221005310003852310060700039024100614000384251006210003852610062800016027100705000349291007190003653010072600035331100802000328321008090003373310081600033234100823000000
930404260004C0000    21100524000252221005310002522310060700024624100614000254251006210002492610062800009327100705000219291007190002233010072600020631100802000242321008090002493310081600025634100823000000
930404260004C1000    21100524000386221005310004022310060700039724100614000398251006210003932610062800022227100705000442291007190004333010072600045731100802000481321008090004623310081600045034100823000000
930404260004C2000    21100524000435221005310004482310060700045224100614000450251006210004412610062800083127100705000520291007190005013010072600051531100802000518321008090005023310081600049834100823000000
930404260004C4000    21100524000000221005310000002310060700000024100614000000251006210000002610062800121827100705000156291007190001363010072600011631100802000074321008090000803310081600009634100823000000
93040426700406000    21100524000336221005310003762310060700040224100614000376251006210003362610062800011027100705000344291007190003563010072600039031100802000260321008090003203310081600027034100823000000
93040426700407000    21100524000436221005310003942310060700037824100614000392251006210004342610062800019227100705000338291007190003303010072600030431100802000396321008090003543310081600039234100823000000
93040426700408000    21100524000504221005310005042310060700049224100614000508251006210004982610062800018627100705000438291007190004463010072600041231100802000484321008090004983310081600051234100823000000
93040426700409000    21100524000772221005310008042310060700079424100614000796251006210007862610062800044427100705000884291007190008663010072600091431100802000962321008090009243310081600090034100823000000
93040426700410000    21100524000098221005310000922310060700011024100614000104251006210000962610062800000027100705000000291007190000003010072600000031100802000000321008090000003310081600000034100823000000
93040426700411000    21100524000000221005310000002310060700000024100614000000251006210000002610062800001827100705000016291007190000383010072600000831100802000000321008090000003310081600000034100823000000
93040426700413000    21100524000000221005310000002310060700000024100614000000251006210000002610062800000027100705000000291007190000063010072600000431100802000000321008090000003310081600000234100823000000
93040426700414000    21100524000000221005310000002310060700000024100614000000251006210000002610062800121827100705000156291007190001363010072600011631100802000074321008090000803310081600009634100823000000
