9304042600AD09300    17100426000250181005040003141910051000042020100517000394211005240003362210053100037623100607000396241006140003522510062100028226100628000106271007050003882910071900042030100726000000
9304042600AD11400    17100426000470181005040003181910051000037220100517000388211005240004362210053100039423100607000378241006140003922510062100043426100628000176271007050003782910071900034230100726000000
9304042600AD13300    17100426000390181005040004021910051000049420100517000496211005240005042210053100050423100607000492241006140005082510062100049826100628000284271007050004342910071900044230100726000000
9304042600AD15300    17100426000920181005040006201910051000077820100517000786211005240007722210053100080423100607000794241006140007962510062100078626100628000474271007050008222910071900084030100726000000
9304042600AD17300    17100426000150181005040000821910051000011220100517000112211005240000982210053100009223100607000110241006140001042510062100009626100628000000271007050000002910071900000030100726000000
930404260004B4000    17100426000000181005040000001910051000000020100517000000211005240000002210053100000023100607000000241006140000002510062100000026100628000008271007050000042910071900000230100726000000
930404260004B5300    17100426000000181005040000001910051000000020100517000000211005240000002210053100000023100607000006241006140000242510062100005426100628000020271007050000002910071900000030100726000000
930404260004B9000    17100426000360181005040003161910051000039620100517000391211005240003862210053100038523100607000390241006140003842510062100038526100628000155271007050003852910071900038230100726000000
930404260004C0000    17100426000195181005040002011910051000024720100517000248211005240002522210053100025223100607000246241006140002542510062100024926100628000142271007050002172910071900022130100726000000
930404260004C1000    17100426000460181005040003101910051000038920100517000393211005240003862210053100040223100607000397241006140003982510062100039326100628000237271007050004112910071900042030100726000000
930404260004C2000    17100426000535181005040003511910051000044520100517000449211005240004352210053100044823100607000452241006140004502510062100044126100628000787271007050004862910071900048630100726000000
930404260004C4000    17100426000000181005040000001910051000000020100517000000211005240000002210053100000023100607000000241006140000002510062100000026100628001100271007050001502910071900013230100726000000
93040426700406000    17100426000250181005040003141910051000042020100517000394211005240003362210053100037623100607000396241006140003522510062100028226100628000106271007050003882910071900042030100726000000
93040426700407000    17100426000470181005040003181910051000037220100517000388211005240004362210053100039423100607000378241006140003922510062100043426100628000176271007050003782910071900034230100726000000
93040426700408000    17100426000390181005040004021910051000049420100517000496211005240005042210053100050423100607000492241006140005082510062100049826100628000284271007050004342910071900044230100726000000
93040426700409000    17100426000920181005040006201910051000077820100517000786211005240007722210053100080423100607000794241006140007962510062100078626100628000474271007050008222910071900084030100726000000
93040426700410000    17100426000150181005040000821910051000011220100517000112211005240000982210053100009223100607000110241006140001042510062100009626100628000000271007050000002910071900000030100726000000
93040426700411000    17100426000000181005040000001910051000000020100517000000211005240000002210053100000023100607000006241006140000242510062100005426100628000020271007050000002910071900000030100726000000
93040426700413000    17100426000000181005040000001910051000000020100517000000211005240000002210053100000023100607000000241006140000002510062100000026100628000008271007050000042910071900000230100726000000
93040426700414000    17100426000000181005040000001910051000000020100517000000211005240000002210053100000023100607000000241006140000002510062100000026100628001100271007050001502910071900013230100726000000
