9304042600AD09300    22100531000376231006070004022410061400037625100621000336261006280001102710070500034429100719000356301007260003903110080200026032100809000320331008160002703410082300028035100830000000
9304042600AD11400    22100531000394231006070003782410061400039225100621000434261006280001922710070500033829100719000330301007260003043110080200039632100809000354331008160003923410082300040235100830000000
9304042600AD13300    22100531000504231006070004922410061400050825100621000498261006280001862710070500043829100719000446301007260004123110080200048432100809000498331008160005123410082300051035100830000000
9304042600AD15300    22100531000804231006070007942410061400079625100621000786261006280004442710070500088429100719000866301007260009143110080200096232100809000924331008160009003410082300088235100830000000
9304042600AD17300    22100531000092231006070001102410061400010425100621000096261006280000002710070500000029100719000000301007260000003110080200000032100809000000331008160000003410082300000035100830000000
930404260004B4000    22100531000000231006070000002410061400000025100621000000261006280000002710070500000029100719000006301007260000043110080200000032100809000000331008160000023410082300000235100830000000
930404260004B5300    22100531000000231006070000002410061400000025100621000000261006280000182710070500001629100719000038301007260000083110080200000032100809000000331008160000003410082300000035100830000000
930404260004B9000    22100531000385231006070003902410061400038425100621000385261006280001602710070500034929100719000365301007260003533110080200032832100809000337331008160003323410082300034235100830000000
930404260004C0000    22100531000252231006070002462410061400025425100621000249261006280000932710070500021929100719000223301007260002063110080200024232100809000249331008160002563410082300025535100830000000
930404260004C1000    22100531000402231006070003972410061400039825100621000393261006280002222710070500044229100719000433301007260004573110080200048132100809000462331008160004503410082300044135100830000000
930404260004C2000    22100531000448231006070004522410061400045025100621000441261006280008312710070500052029100719000501301007260005153110080200051832100809000502331008160004983410082300047535100830000000
930404260004C4000    22100531000000231006070000002410061400000025100621000000261006280012182710070500015629100719000136301007260001163110080200007432100809000080331008160000963410082300006835100830000000
93040426700406000    22100531000376231006070004022410061400037625100621000336261006280001102710070500034429100719000356301007260003903110080200026032100809000320331008160002703410082300028035100830000000
93040426700407000    22100531000394231006070003782410061400039225100621000434261006280001922710070500033829100719000330301007260003043110080200039632100809000354331008160003923410082300040235100830000000
93040426700408000    22100531000504231006070004922410061400050825100621000498261006280001862710070500043829100719000446301007260004123110080200048432100809000498331008160005123410082300051035100830000000
93040426700409000    22100531000804231006070007942410061400079625100621000786261006280004442710070500088429100719000866301007260009143110080200096232100809000924331008160009003410082300088235100830000000
93040426700410000    22100531000092231006070001102410061400010425100621000096261006280000002710070500000029100719000000301007260000003110080200000032100809000000331008160000003410082300000035100830000000
93040426700411000    22100531000000231006070000002410061400000025100621000000261006280000182710070500001629100719000038301007260000083110080200000032100809000000331008160000003410082300000035100830000000
93040426700413000    22100531000000231006070000002410061400000025100621000000261006280000002710070500000029100719000006301007260000043110080200000032100809000000331008160000023410082300000235100830000000
93040426700414000    22100531000000231006070000002410061400000025100621000000261006280012182710070500015629100719000136301007260001163110080200007432100809000080331008160000963410082300006835100830000000
