9304042600AD09300    25100621000336261006280001102710070500042629100719000364301007260004103110080200028632100809000262331008160002803410082300024835100830000330361009060001923710091300018038100920000000
9304042600AD11400    25100621000434261006280001842710070500044229100719000488301007260004243110080200041232100809000374331008160003923410082300038435100830000344361009060003523710091300025438100920000000
9304042600AD13300    25100621000498261006280001842710070500041429100719000416301007260004043110080200045232100809000446331008160004863410082300053835100830000504361009060004503710091300035638100920000000
9304042600AD15300    25100621000786261006280004542710070500075229100719000770301007260007843110080200093232100809001000331008160009503410082300089635100830000910361009060009203710091300074438100920000000
9304042600AD17300    25100621000096261006280000002710070500000029100719000000301007260000003110080200000032100809000000331008160000003410082300000035100830000000361009060000003710091300000038100920000000
930404260004B4000    25100621000000261006280000002710070500000029100719000000301007260000003110080200000032100809000000331008160000023410082300000235100830000000361009060000003710091300000438100920000000
930404260004B5300    25100621000000261006280000182710070500000029100719000000301007260000003110080200000032100809000000331008160000003410082300000035100830000000361009060000003710091300000038100920000000
930404260004B9000    25100621000385261006280001562710070500043429100719000426301007260004173110080200034932100809000318331008160003373410082300031735100830000337361009060002723710091300021938100920000000
930404260004C0000    25100621000249261006280000922710070500020729100719000208301007260002023110080200022632100809000223331008160002433410082300026935100830000252361009060002253710091300017838100920000000
930404260004C1000    25100621000393261006280002272710070500037629100719000385301007260003923110080200046632100809000500331008160004753410082300044835100830000455361009060004603710091300037238100920000000
930404260004C2000    25100621000441261006280008362710070500044729100719000455301007260004553110080200051332100809000547331008160005063410082300048635100830000496361009060005913710091300047438100920000000
930404260004C4000    25100621000000261006280012182710070500014229100719000140301007260001263110080200009432100809000094331008160000623410082300007635100830000082361009060002623710091300020438100920000000
93040426700406000    25100621000336261006280001102710070500042629100719000364301007260004103110080200028632100809000262331008160002803410082300024835100830000330361009060001923710091300018038100920000000
93040426700407000    25100621000434261006280001842710070500044229100719000488301007260004243110080200041232100809000374331008160003923410082300038435100830000344361009060003523710091300025438100920000000
93040426700408000    25100621000498261006280001842710070500041429100719000416301007260004043110080200045232100809000446331008160004863410082300053835100830000504361009060004503710091300035638100920000000
93040426700409000    25100621000786261006280004542710070500075229100719000770301007260007843110080200093232100809001000331008160009503410082300089635100830000910361009060009203710091300074438100920000000
93040426700410000    25100621000096261006280000002710070500000029100719000000301007260000003110080200000032100809000000331008160000003410082300000035100830000000361009060000003710091300000038100920000000
93040426700411000    25100621000000261006280000182710070500000029100719000000301007260000003110080200000032100809000000331008160000003410082300000035100830000000361009060000003710091300000038100920000000
93040426700413000    25100621000000261006280000002710070500000029100719000000301007260000003110080200000032100809000000331008160000023410082300000235100830000000361009060000003710091300000438100920000000
93040426700414000    25100621000000261006280012182710070500014229100719000140301007260001263110080200009432100809000094331008160000623410082300007635100830000082361009060002623710091300020438100920000000
