9304042600AD09300    20100517000394211005240003362210053100037623100607000402241006140003762510062100033626100628000110271007050003442910071900035630100726000390311008020002603210080900032033100816000000
9304042600AD11400    20100517000388211005240004362210053100039423100607000378241006140003922510062100043426100628000192271007050003382910071900033030100726000304311008020003963210080900035433100816000000
9304042600AD13300    20100517000496211005240005042210053100050423100607000492241006140005082510062100049826100628000186271007050004382910071900044630100726000412311008020004843210080900049833100816000000
9304042600AD15300    20100517000786211005240007722210053100080423100607000794241006140007962510062100078626100628000444271007050008842910071900086630100726000914311008020009623210080900092433100816000000
9304042600AD17300    20100517000112211005240000982210053100009223100607000110241006140001042510062100009626100628000000271007050000002910071900000030100726000000311008020000003210080900000033100816000000
930404260004B4000    20100517000000211005240000002210053100000023100607000000241006140000002510062100000026100628000000271007050000002910071900000630100726000004311008020000003210080900000033100816000000
930404260004B5300    20100517000000211005240000002210053100000023100607000000241006140000002510062100000026100628000018271007050000162910071900003830100726000008311008020000003210080900000033100816000000
930404260004B9000    20100517000391211005240003862210053100038523100607000390241006140003842510062100038526100628000160271007050003492910071900036530100726000353311008020003283210080900033733100816000000
930404260004C0000    20100517000248211005240002522210053100025223100607000246241006140002542510062100024926100628000093271007050002192910071900022330100726000206311008020002423210080900024933100816000000
930404260004C1000    20100517000393211005240003862210053100040223100607000397241006140003982510062100039326100628000222271007050004422910071900043330100726000457311008020004813210080900046233100816000000
930404260004C2000    20100517000449211005240004352210053100044823100607000452241006140004502510062100044126100628000831271007050005202910071900050130100726000515311008020005183210080900050233100816000000
930404260004C4000    20100517000000211005240000002210053100000023100607000000241006140000002510062100000026100628001218271007050001562910071900013630100726000116311008020000743210080900008033100816000000
93040426700406000    20100517000394211005240003362210053100037623100607000402241006140003762510062100033626100628000110271007050003442910071900035630100726000390311008020002603210080900032033100816000000
93040426700407000    20100517000388211005240004362210053100039423100607000378241006140003922510062100043426100628000192271007050003382910071900033030100726000304311008020003963210080900035433100816000000
93040426700408000    20100517000496211005240005042210053100050423100607000492241006140005082510062100049826100628000186271007050004382910071900044630100726000412311008020004843210080900049833100816000000
93040426700409000    20100517000786211005240007722210053100080423100607000794241006140007962510062100078626100628000444271007050008842910071900086630100726000914311008020009623210080900092433100816000000
93040426700410000    20100517000112211005240000982210053100009223100607000110241006140001042510062100009626100628000000271007050000002910071900000030100726000000311008020000003210080900000033100816000000
93040426700411000    20100517000000211005240000002210053100000023100607000000241006140000002510062100000026100628000018271007050000162910071900003830100726000008311008020000003210080900000033100816000000
93040426700413000    20100517000000211005240000002210053100000023100607000000241006140000002510062100000026100628000000271007050000002910071900000630100726000004311008020000003210080900000033100816000000
93040426700414000    20100517000000211005240000002210053100000023100607000000241006140000002510062100000026100628001218271007050001562910071900013630100726000116311008020000743210080900008033100816000000
