9304042600AD09300    15100412000330161004190003141710042600025018100504000294191005100003962010051700036821100524000310221005310003502310060700039624100614000352251006210002822610062800010627100705000388
9304042600AD11400    15100412000406161004190004041710042600047018100504000318191005100003722010051700038821100524000436221005310003942310060700037824100614000392251006210004342610062800017627100705000378
9304042600AD13300    15100412000402161004190003841710042600039018100504000402191005100004942010051700049621100524000504221005310005042310060700049224100614000508251006210004982610062800028427100705000434
9304042600AD15300    15100412000886161004190009081710042600092018100504000620191005100007782010051700078621100524000772221005310008042310060700079424100614000796251006210007862610062800047427100705000822
9304042600AD17300    15100412000156161004190001421710042600015018100504000082191005100001122010051700011221100524000098221005310000922310060700011024100614000104251006210000962610062800000027100705000000
930404260004B4000    15100412000000161004190000001710042600000018100504000000191005100000002010051700000021100524000000221005310000002310060700000024100614000000251006210000002610062800000827100705000004
930404260004B5300    15100412000000161004190000001710042600000018100504000020191005100000242010051700002621100524000026221005310000262310060700000624100614000024251006210000542610062800002027100705000000
930404260004B9000    15100412000368161004190003591710042600036018100504000316191005100003962010051700039121100524000386221005310003852310060700039024100614000384251006210003852610062800015527100705000385
930404260004C0000    15100412000201161004190001921710042600019518100504000201191005100002472010051700024821100524000252221005310002522310060700024624100614000254251006210002492610062800014227100705000217
930404260004C1000    15100412000443161004190004541710042600046018100504000310191005100003892010051700039321100524000386221005310004022310060700039724100614000398251006210003932610062800023727100705000411
930404260004C2000    15100412000521161004190005251710042600053518100504000351191005100004452010051700044921100524000435221005310004482310060700045224100614000450251006210004412610062800078727100705000486
930404260004C4000    15100412000000161004190000001710042600000018100504000000191005100000002010051700000021100524000000221005310000002310060700000024100614000000251006210000002610062800110027100705000150
93040426700406000    15100412000330161004190003141710042600025018100504000294191005100003962010051700036821100524000310221005310003502310060700039624100614000352251006210002822610062800010627100705000388
93040426700407000    15100412000406161004190004041710042600047018100504000318191005100003722010051700038821100524000436221005310003942310060700037824100614000392251006210004342610062800017627100705000378
93040426700408000    15100412000402161004190003841710042600039018100504000402191005100004942010051700049621100524000504221005310005042310060700049224100614000508251006210004982610062800028427100705000434
93040426700409000    15100412000886161004190009081710042600092018100504000620191005100007782010051700078621100524000772221005310008042310060700079424100614000796251006210007862610062800047427100705000822
93040426700410000    15100412000156161004190001421710042600015018100504000082191005100001122010051700011221100524000098221005310000922310060700011024100614000104251006210000962610062800000027100705000000
93040426700411000    15100412000000161004190000001710042600000018100504000020191005100000242010051700002621100524000026221005310000262310060700000624100614000024251006210000542610062800002027100705000000
93040426700413000    15100412000000161004190000001710042600000018100504000000191005100000002010051700000021100524000000221005310000002310060700000024100614000000251006210000002610062800000827100705000004
93040426700414000    15100412000000161004190000001710042600000018100504000000191005100000002010051700000021100524000000221005310000002310060700000024100614000000251006210000002610062800110027100705000150
