9304042600AD09300    16100419000314171004260002501810050400031419100510000420201005170003942110052400033622100531000376231006070003962410061400035225100621000282261006280001062710070500038829100719000000
9304042600AD11400    16100419000404171004260004701810050400031819100510000372201005170003882110052400043622100531000394231006070003782410061400039225100621000434261006280001762710070500037829100719000000
9304042600AD13300    16100419000384171004260003901810050400040219100510000494201005170004962110052400050422100531000504231006070004922410061400050825100621000498261006280002842710070500043429100719000000
9304042600AD15300    16100419000908171004260009201810050400062019100510000778201005170007862110052400077222100531000804231006070007942410061400079625100621000786261006280004742710070500082229100719000000
9304042600AD17300    16100419000142171004260001501810050400008219100510000112201005170001122110052400009822100531000092231006070001102410061400010425100621000096261006280000002710070500000029100719000000
930404260004B4000    16100419000000171004260000001810050400000019100510000000201005170000002110052400000022100531000000231006070000002410061400000025100621000000261006280000082710070500000429100719000000
930404260004B5300    16100419000000171004260000001810050400000019100510000000201005170000002110052400000022100531000000231006070000062410061400002425100621000054261006280000202710070500000029100719000000
930404260004B9000    16100419000359171004260003601810050400031619100510000396201005170003912110052400038622100531000385231006070003902410061400038425100621000385261006280001552710070500038529100719000000
930404260004C0000    16100419000192171004260001951810050400020119100510000247201005170002482110052400025222100531000252231006070002462410061400025425100621000249261006280001422710070500021729100719000000
930404260004C1000    16100419000454171004260004601810050400031019100510000389201005170003932110052400038622100531000402231006070003972410061400039825100621000393261006280002372710070500041129100719000000
930404260004C2000    16100419000525171004260005351810050400035119100510000445201005170004492110052400043522100531000448231006070004522410061400045025100621000441261006280007872710070500048629100719000000
930404260004C4000    16100419000000171004260000001810050400000019100510000000201005170000002110052400000022100531000000231006070000002410061400000025100621000000261006280011002710070500015029100719000000
93040426700406000    16100419000314171004260002501810050400031419100510000420201005170003942110052400033622100531000376231006070003962410061400035225100621000282261006280001062710070500038829100719000000
93040426700407000    16100419000404171004260004701810050400031819100510000372201005170003882110052400043622100531000394231006070003782410061400039225100621000434261006280001762710070500037829100719000000
93040426700408000    16100419000384171004260003901810050400040219100510000494201005170004962110052400050422100531000504231006070004922410061400050825100621000498261006280002842710070500043429100719000000
93040426700409000    16100419000908171004260009201810050400062019100510000778201005170007862110052400077222100531000804231006070007942410061400079625100621000786261006280004742710070500082229100719000000
93040426700410000    16100419000142171004260001501810050400008219100510000112201005170001122110052400009822100531000092231006070001102410061400010425100621000096261006280000002710070500000029100719000000
93040426700411000    16100419000000171004260000001810050400000019100510000000201005170000002110052400000022100531000000231006070000062410061400002425100621000054261006280000202710070500000029100719000000
93040426700413000    16100419000000171004260000001810050400000019100510000000201005170000002110052400000022100531000000231006070000002410061400000025100621000000261006280000082710070500000429100719000000
93040426700414000    16100419000000171004260000001810050400000019100510000000201005170000002110052400000022100531000000231006070000002410061400000025100621000000261006280011002710070500015029100719000000
